Added 1642 splines to the graph!
removed 191 splines due to violation of the specified vehicle's turn radius or velocity aims!
(0, 0)  -> (1, 0): 69.3451
(0, 0)  -> (1, 1): 2676.88
(0, 0)  -> (1, 2): 11334.2
(0, 0)  -> (1, 3): 25267
(0, 1)  -> (1, 0): 3030.59
(0, 1)  -> (1, 1): 48.513
(0, 1)  -> (1, 2): 3252.3
(0, 1)  -> (1, 3): 12533.9
(0, 1)  -> (1, 4): 27063.6
(0, 2)  -> (1, 0): 10731.7
(0, 2)  -> (1, 1): 2511.52
(0, 2)  -> (1, 2): 71.4044
(0, 2)  -> (1, 3): 3885.3
(0, 2)  -> (1, 4): 13795.8
(0, 2)  -> (1, 5): 28923.4
(0, 3)  -> (1, 0): 22295.7
(0, 3)  -> (1, 1): 9781.43
(0, 3)  -> (1, 2): 2039.79
(0, 3)  -> (1, 3): 146.104
(0, 3)  -> (1, 4): 4576.18
(0, 3)  -> (1, 5): 15120.1
(0, 4)  -> (1, 1): 20994.4
(0, 4)  -> (1, 2): 8872.14
(0, 4)  -> (1, 3): 1615.84
(0, 4)  -> (1, 4): 283.529
(0, 4)  -> (1, 5): 5325.24
(0, 5)  -> (1, 2): 19727.5
(0, 5)  -> (1, 3): 8004.36
(0, 5)  -> (1, 4): 1240.14
(0, 5)  -> (1, 5): 475.601
(0, 6)  -> (1, 2): 34510.7
(0, 6)  -> (1, 3): 19334.6
(0, 6)  -> (1, 4): 7718.31
(0, 6)  -> (1, 5): 1118.51
(1, 0)  -> (2, 0): 20087.7
(1, 0)  -> (2, 1): 96824.1
(1, 0)  -> (2, 2): 200951
(1, 1)  -> (2, 0): 196.142
(1, 1)  -> (2, 1): 28489.5
(1, 1)  -> (2, 2): 111403
(1, 1)  -> (2, 3): 217558
(1, 2)  -> (2, 0): 25600.3
(1, 2)  -> (2, 1): 327.465
(1, 2)  -> (2, 2): 38132.6
(1, 2)  -> (2, 3): 126519
(1, 2)  -> (2, 4): 234119
(1, 3)  -> (2, 0): 80129
(1, 3)  -> (2, 1): 16458.6
(1, 3)  -> (2, 2): 2257.55
(1, 3)  -> (2, 3): 48984.7
(1, 3)  -> (2, 4): 142052
(1, 3)  -> (2, 5): 231500
(1, 4)  -> (2, 0): 142416
(1, 4)  -> (2, 1): 63224.3
(1, 4)  -> (2, 2): 9474.96
(1, 4)  -> (2, 3): 5899.19
(1, 4)  -> (2, 4): 60888.1
(1, 4)  -> (2, 5): 141042
(1, 5)  -> (2, 1): 120507
(1, 5)  -> (2, 2): 48311.5
(1, 5)  -> (2, 3): 4523.23
(1, 5)  -> (2, 4): 11138
(1, 5)  -> (2, 5): 61208.4
(2, 0)  -> (3, 1): 63054.9
(2, 1)  -> (3, 1): 5212.96
(2, 1)  -> (3, 2): 124095
(2, 2)  -> (3, 1): 10376.1
(2, 2)  -> (3, 2): 35119.7
(2, 3)  -> (3, 1): 58999.8
(2, 3)  -> (3, 2): 869.291
(2, 3)  -> (3, 3): 86984.7
(2, 3)  -> (3, 5): 151660
(2, 4)  -> (3, 1): 117493
(2, 4)  -> (3, 2): 14624.3
(2, 4)  -> (3, 3): 19677.2
(2, 4)  -> (3, 4): 101092
(2, 4)  -> (3, 5): 66398.8
(2, 5)  -> (3, 1): 183648
(2, 5)  -> (3, 2): 63081.7
(2, 5)  -> (3, 3): 1919.1
(2, 5)  -> (3, 4): 20570.2
(2, 5)  -> (3, 5): 7060.3
(3, 1)  -> (4, 0): 119359
(3, 2)  -> (4, 0): 49434.2
(3, 2)  -> (4, 1): 167336
(3, 3)  -> (4, 0): 12359.6
(3, 3)  -> (4, 1): 91993.5
(3, 4)  -> (4, 0): 3666.44
(3, 4)  -> (4, 1): 15038.6
(3, 4)  -> (4, 2): 90397
(3, 4)  -> (4, 3): 206383
(3, 5)  -> (4, 0): 148542
(3, 5)  -> (4, 1): 63541.4
(3, 5)  -> (4, 2): 15317.3
(3, 5)  -> (4, 3): 12282.2
(3, 5)  -> (4, 4): 49623.1
(3, 5)  -> (4, 5): 119471
(4, 0)  -> (5, 0): 11616.5
(4, 0)  -> (5, 1): 13247.6
(4, 0)  -> (5, 2): 79791.1
(4, 0)  -> (5, 3): 202739
(4, 1)  -> (5, 0): 12031.4
(4, 1)  -> (5, 1): 6024.26
(4, 1)  -> (5, 2): 10889
(4, 1)  -> (5, 3): 91824.5
(4, 1)  -> (5, 4): 207950
(4, 2)  -> (5, 0): 44289.7
(4, 2)  -> (5, 1): 46125.3
(4, 2)  -> (5, 2): 3007.56
(4, 2)  -> (5, 3): 25049.1
(4, 2)  -> (5, 4): 107127
(4, 3)  -> (5, 1): 96481.7
(4, 3)  -> (5, 2): 30233.1
(4, 3)  -> (5, 3): 1904.68
(4, 3)  -> (5, 4): 42279.7
(4, 3)  -> (5, 5): 124155
(4, 4)  -> (5, 2): 68794.8
(4, 4)  -> (5, 3): 7837.59
(4, 4)  -> (5, 4): 9428.89
(4, 4)  -> (5, 5): 60888
(4, 4)  -> (5, 6): 149250
(4, 5)  -> (5, 3): 29150.7
(4, 5)  -> (5, 4): 2252.5
(4, 5)  -> (5, 5): 23056.5
(4, 5)  -> (5, 6): 79765.3
(5, 0)  -> (6, 0): 76048
(5, 0)  -> (6, 1): 431.945
(5, 0)  -> (6, 2): 48828.6
(5, 0)  -> (6, 3): 158345
(5, 1)  -> (6, 2): 52820.7
(5, 1)  -> (6, 3): 2157.86
(5, 1)  -> (6, 4): 26743.4
(5, 1)  -> (6, 5): 93193.3
(5, 2)  -> (6, 3): 57934.7
(5, 2)  -> (6, 4): 3212.74
(5, 2)  -> (6, 5): 18967.4
(5, 2)  -> (6, 6): 140300
(5, 3)  -> (6, 3): 131786
(5, 3)  -> (6, 4): 35270.5
(5, 3)  -> (6, 5): 430.695
(5, 3)  -> (6, 6): 83346.2
(5, 4)  -> (6, 3): 194758
(5, 4)  -> (6, 4): 89672.9
(5, 4)  -> (6, 5): 13240.8
(5, 4)  -> (6, 6): 33249.9
(5, 5)  -> (6, 3): 229490
(5, 5)  -> (6, 4): 138998
(5, 5)  -> (6, 5): 47077.7
(5, 5)  -> (6, 6): 5180.85
(5, 6)  -> (6, 3): 237580
(5, 6)  -> (6, 4): 168661
(5, 6)  -> (6, 5): 82451
(5, 6)  -> (6, 6): 655.842
(6, 0)  -> (7, 0): 4583.6
(6, 0)  -> (7, 1): 72848.6
(6, 0)  -> (7, 2): 178455
(6, 1)  -> (7, 0): 34304.2
(6, 1)  -> (7, 1): 1377.12
(6, 1)  -> (7, 2): 54111.8
(6, 1)  -> (7, 3): 148227
(6, 1)  -> (7, 4): 237471
(6, 2)  -> (7, 0): 160338
(6, 2)  -> (7, 1): 44201.8
(6, 2)  -> (7, 2): 593.519
(6, 2)  -> (7, 3): 38571.2
(6, 2)  -> (7, 4): 121025
(6, 2)  -> (7, 5): 204657
(6, 2)  -> (7, 6): 271714
(6, 3)  -> (7, 1): 174016
(6, 3)  -> (7, 2): 55035.3
(6, 3)  -> (7, 3): 1562.15
(6, 3)  -> (7, 4): 25968.6
(6, 3)  -> (7, 5): 96813
(6, 3)  -> (7, 6): 177802
(6, 4)  -> (7, 2): 187856
(6, 4)  -> (7, 3): 66695.8
(6, 4)  -> (7, 4): 4319.22
(6, 4)  -> (7, 5): 16041.7
(6, 4)  -> (7, 6): 78314.5
(6, 5)  -> (7, 3): 184360
(6, 5)  -> (7, 4): 66971.7
(6, 5)  -> (7, 5): 5040.16
(6, 5)  -> (7, 6): 14551.9
(6, 6)  -> (7, 3): 207992
(6, 6)  -> (7, 4): 99669.9
(6, 6)  -> (7, 5): 19557
(6, 6)  -> (7, 6): 2941.24
(7, 0)  -> (8, 0): 3252.96
(7, 0)  -> (8, 1): 50562.5
(7, 0)  -> (8, 2): 132390
(7, 0)  -> (8, 3): 217796
(7, 1)  -> (8, 0): 15496.4
(7, 1)  -> (8, 1): 2822.94
(7, 1)  -> (8, 2): 48941.7
(7, 1)  -> (8, 3): 130014
(7, 1)  -> (8, 4): 215083
(7, 2)  -> (8, 0): 84904.5
(7, 2)  -> (8, 1): 16508.2
(7, 2)  -> (8, 2): 2428.1
(7, 2)  -> (8, 3): 47342
(7, 2)  -> (8, 4): 127646
(7, 2)  -> (8, 5): 212366
(7, 3)  -> (8, 0): 181387
(7, 3)  -> (8, 1): 87182.4
(7, 3)  -> (8, 2): 17550.6
(7, 3)  -> (8, 3): 2073.53
(7, 3)  -> (8, 4): 45763.9
(7, 3)  -> (8, 5): 125288
(7, 3)  -> (8, 6): 208818
(7, 4)  -> (8, 1): 184459
(7, 4)  -> (8, 2): 89482.1
(7, 4)  -> (8, 3): 18623.4
(7, 4)  -> (8, 4): 1746.92
(7, 4)  -> (8, 5): 44207.7
(7, 4)  -> (8, 6): 122233
(7, 5)  -> (8, 2): 187538
(7, 5)  -> (8, 3): 91802.9
(7, 5)  -> (8, 4): 19726.3
(7, 5)  -> (8, 5): 1448.46
(7, 5)  -> (8, 6): 42223
(7, 6)  -> (8, 3): 186915
(7, 6)  -> (8, 4): 91272.9
(7, 6)  -> (8, 5): 19432.7
(7, 6)  -> (8, 6): 1452.09
(8, 0)  -> (9, 0): 49.765
(8, 0)  -> (9, 1): 2411.38
(8, 0)  -> (9, 2): 10742.7
(8, 0)  -> (9, 3): 24153.1
(8, 1)  -> (9, 0): 3611.21
(8, 1)  -> (9, 1): 22.4006
(8, 1)  -> (9, 2): 2667.56
(8, 1)  -> (9, 3): 11302
(8, 1)  -> (9, 4): 25012.5
(8, 2)  -> (9, 0): 12495.3
(8, 2)  -> (9, 1): 3347.7
(8, 2)  -> (9, 2): 6.67396
(8, 2)  -> (9, 3): 2937.24
(8, 2)  -> (9, 4): 11876.4
(8, 2)  -> (9, 5): 25888.1
(8, 3)  -> (9, 0): 25768.8
(8, 3)  -> (9, 1): 12041.1
(8, 3)  -> (9, 2): 3093.62
(8, 3)  -> (9, 3): 2.86132
(8, 3)  -> (9, 4): 3220.49
(8, 3)  -> (9, 5): 12466
(8, 3)  -> (9, 6): 26267.3
(8, 4)  -> (9, 1): 25172.9
(8, 4)  -> (9, 2): 11594.3
(8, 4)  -> (9, 3): 2849.04
(8, 4)  -> (9, 4): 10.0533
(8, 4)  -> (9, 5): 3517.37
(8, 4)  -> (9, 6): 12704.2
(8, 5)  -> (9, 2): 24582.7
(8, 5)  -> (9, 3): 11155.1
(8, 5)  -> (9, 4): 2614.02
(8, 5)  -> (9, 5): 29.198
(8, 5)  -> (9, 6): 3627.47
(8, 6)  -> (9, 3): 24228.5
(8, 6)  -> (9, 4): 10881.4
(8, 6)  -> (9, 5): 2464.7
(8, 6)  -> (9, 6): 28.5008
(9, 0)  -> (10, 0): 538.921
(9, 0)  -> (10, 1): 1027.02
(9, 0)  -> (10, 2): 7466.3
(9, 0)  -> (10, 3): 19208
(9, 1)  -> (10, 0): 5342.62
(9, 1)  -> (10, 1): 351.153
(9, 1)  -> (10, 2): 1337.41
(9, 1)  -> (10, 3): 8272.56
(9, 1)  -> (10, 4): 20478.5
(9, 2)  -> (10, 0): 14645.7
(9, 2)  -> (10, 1): 4721.03
(9, 2)  -> (10, 2): 203.367
(9, 2)  -> (10, 3): 1689.14
(9, 2)  -> (10, 4): 9120
(9, 2)  -> (10, 5): 21788.5
(9, 3)  -> (10, 0): 27495.5
(9, 3)  -> (10, 1): 13634.8
(9, 3)  -> (10, 2): 4136.94
(9, 3)  -> (10, 3): 95.7012
(9, 3)  -> (10, 4): 2082.25
(9, 3)  -> (10, 5): 10008.6
(9, 3)  -> (10, 6): 22298.3
(9, 4)  -> (10, 1): 26154.2
(9, 4)  -> (10, 2): 12657.9
(9, 4)  -> (10, 3): 3590.56
(9, 4)  -> (10, 4): 28.3022
(9, 4)  -> (10, 5): 2516.73
(9, 4)  -> (10, 6): 10350.7
(9, 5)  -> (10, 2): 24843.1
(9, 5)  -> (10, 3): 11715.4
(9, 5)  -> (10, 4): 3082.07
(9, 5)  -> (10, 5): 1.14746
(9, 5)  -> (10, 6): 2685.36
(9, 6)  -> (10, 3): 24041.3
(9, 6)  -> (10, 4): 11140.7
(9, 6)  -> (10, 5): 2779.38
(9, 6)  -> (10, 6): 0.531975
(10, 0)  -> (11, 0): 901.877
(10, 0)  -> (11, 1): 6865.44
(10, 0)  -> (11, 2): 17811
(10, 0)  -> (11, 3): 32615
(10, 1)  -> (11, 0): 416.192
(10, 1)  -> (11, 1): 1112.51
(10, 1)  -> (11, 2): 7417.88
(10, 1)  -> (11, 3): 18669.8
(10, 2)  -> (11, 0): 4887.78
(10, 2)  -> (11, 1): 289.922
(10, 2)  -> (11, 2): 1345.25
(10, 2)  -> (11, 3): 7990.98
(10, 2)  -> (11, 4): 19547
(10, 3)  -> (11, 0): 13777.2
(10, 3)  -> (11, 1): 4427.02
(10, 3)  -> (11, 2): 186.39
(10, 3)  -> (11, 3): 1600.02
(10, 3)  -> (11, 4): 8584.59
(10, 3)  -> (11, 5): 20318
(10, 4)  -> (11, 0): 26119
(10, 4)  -> (11, 1): 13002.3
(10, 4)  -> (11, 2): 3988.87
(10, 4)  -> (11, 3): 106.04
(10, 4)  -> (11, 4): 1876.76
(10, 4)  -> (11, 5): 9113.32
(10, 4)  -> (11, 6): 20471.2
(10, 5)  -> (11, 1): 25065
(10, 5)  -> (11, 2): 12249.2
(10, 5)  -> (11, 3): 3573.38
(10, 5)  -> (11, 4): 48.9589
(10, 5)  -> (11, 5): 2133.55
(10, 5)  -> (11, 6): 9223.58
(10, 6)  -> (11, 2): 24898.7
(10, 6)  -> (11, 3): 12135.6
(10, 6)  -> (11, 4): 3514.26
(10, 6)  -> (11, 5): 48.1448
(10, 6)  -> (11, 6): 1928.67
(11, 0)  -> (12, 0): 35.7773
(11, 0)  -> (12, 1): 2083.07
(11, 0)  -> (12, 2): 9122.92
(11, 0)  -> (12, 3): 20358
(11, 1)  -> (12, 0): 3362.73
(11, 1)  -> (12, 1): 49.4751
(11, 1)  -> (12, 2): 1971.57
(11, 1)  -> (12, 3): 8867.68
(11, 1)  -> (12, 4): 19951.6
(11, 2)  -> (12, 0): 11767.9
(11, 2)  -> (12, 1): 3474.84
(11, 2)  -> (12, 2): 65.7551
(11, 2)  -> (12, 3): 1863.27
(11, 2)  -> (12, 4): 8616.37
(11, 2)  -> (12, 5): 19975.2
(11, 3)  -> (12, 0): 24322.7
(11, 3)  -> (12, 1): 11946.9
(11, 3)  -> (12, 2): 3588.59
(11, 3)  -> (12, 3): 84.6031
(11, 3)  -> (12, 4): 1758.15
(11, 3)  -> (12, 5): 8653.85
(11, 3)  -> (12, 6): 22204.9
(11, 4)  -> (12, 1): 24538.6
(11, 4)  -> (12, 2): 12126.9
(11, 4)  -> (12, 3): 3703.95
(11, 4)  -> (12, 4): 106.005
(11, 4)  -> (12, 5): 1785.7
(11, 4)  -> (12, 6): 10198.1
(11, 5)  -> (12, 2): 24890.9
(11, 5)  -> (12, 3): 12405.9
(11, 5)  -> (12, 4): 3876.45
(11, 5)  -> (12, 5): 104.995
(11, 5)  -> (12, 6): 2499.63
(11, 6)  -> (12, 3): 25936.4
(11, 6)  -> (12, 4): 13190.6
(11, 6)  -> (12, 5): 4141.27
(11, 6)  -> (12, 6): 20.558
(12, 0)  -> (13, 0): 151.93
(12, 0)  -> (13, 1): 4054.95
(12, 0)  -> (13, 2): 12757.9
(12, 0)  -> (13, 3): 25226.7
(12, 1)  -> (13, 0): 1945.97
(12, 1)  -> (13, 1): 66.5422
(12, 1)  -> (13, 2): 3531.85
(12, 1)  -> (13, 3): 11815.2
(12, 1)  -> (13, 4): 23905.6
(12, 2)  -> (13, 0): 9852.94
(12, 2)  -> (13, 1): 2323.58
(12, 2)  -> (13, 2): 16.6365
(12, 2)  -> (13, 3): 3045.01
(12, 2)  -> (13, 4): 10908.6
(12, 2)  -> (13, 5): 23366.1
(12, 3)  -> (13, 0): 23033.5
(12, 3)  -> (13, 1): 10654.9
(12, 3)  -> (13, 2): 2734.16
(12, 3)  -> (13, 3): 2.25459
(12, 3)  -> (13, 4): 2594.41
(12, 3)  -> (13, 5): 10549.8
(12, 3)  -> (13, 6): 26483.2
(12, 4)  -> (13, 1): 24200.5
(12, 4)  -> (13, 2): 11486.7
(12, 4)  -> (13, 3): 3177.55
(12, 4)  -> (13, 4): 22.1057
(12, 4)  -> (13, 5): 2425.51
(12, 4)  -> (13, 6): 12748.8
(12, 5)  -> (13, 2): 24910.9
(12, 5)  -> (13, 3): 12004.6
(12, 5)  -> (13, 4): 3465.42
(12, 5)  -> (13, 5): 21.6946
(12, 5)  -> (13, 6): 3753.7
(12, 6)  -> (13, 3): 23230.6
(12, 6)  -> (13, 4): 10837.8
(12, 6)  -> (13, 5): 2586.83
(12, 6)  -> (13, 6): 242.433
(13, 0)  -> (14, 0): 909.381
(13, 0)  -> (14, 1): 403.62
(13, 0)  -> (14, 2): 4815.43
(13, 0)  -> (14, 3): 13618.6
(13, 0)  -> (14, 4): 25876
(13, 1)  -> (14, 0): 7073.89
(13, 1)  -> (14, 1): 1201.35
(13, 1)  -> (14, 2): 244.709
(13, 1)  -> (14, 3): 4231.66
(13, 1)  -> (14, 4): 12656
(13, 1)  -> (14, 5): 24593.9
(13, 2)  -> (14, 0): 18515.2
(13, 2)  -> (14, 1): 7859.68
(13, 2)  -> (14, 2): 1534.45
(13, 2)  -> (14, 3): 125.281
(13, 2)  -> (14, 4): 3684.66
(13, 2)  -> (14, 5): 11726.8
(13, 2)  -> (14, 6): 23915.8
(13, 3)  -> (14, 1): 19769.1
(13, 3)  -> (14, 2): 8686.95
(13, 3)  -> (14, 3): 1908.72
(13, 3)  -> (14, 4): 45.4711
(13, 3)  -> (14, 5): 3174.66
(13, 3)  -> (14, 6): 11233.6
(13, 4)  -> (14, 2): 21063.3
(13, 4)  -> (14, 3): 9555.68
(13, 4)  -> (14, 4): 2324.22
(13, 4)  -> (14, 5): 5.5676
(13, 4)  -> (14, 6): 2908.13
(13, 5)  -> (14, 3): 21671.2
(13, 5)  -> (14, 4): 9960.26
(13, 5)  -> (14, 5): 2520.23
(13, 5)  -> (14, 6): 5.07453
(13, 6)  -> (14, 3): 33142.9
(13, 6)  -> (14, 4): 18937.6
(13, 6)  -> (14, 5): 8088.38
(13, 6)  -> (14, 6): 1458.44
(14, 0)  -> (15, 0): 309.217
(14, 0)  -> (15, 1): 4909.51
(14, 0)  -> (15, 2): 14617.3
(14, 0)  -> (15, 3): 28468
(14, 1)  -> (15, 0): 1422.39
(14, 1)  -> (15, 1): 239.097
(14, 1)  -> (15, 2): 4647.64
(14, 1)  -> (15, 3): 14217.8
(14, 1)  -> (15, 4): 27983.2
(14, 2)  -> (15, 0): 8450
(14, 2)  -> (15, 1): 1602.6
(14, 2)  -> (15, 2): 177.782
(14, 2)  -> (15, 3): 4392.25
(14, 2)  -> (15, 4): 13822.9
(14, 2)  -> (15, 5): 27501.4
(14, 3)  -> (15, 0): 20670.3
(14, 3)  -> (15, 1): 8917.08
(14, 3)  -> (15, 2): 1794.19
(14, 3)  -> (15, 3): 125.347
(14, 3)  -> (15, 4): 4143.4
(14, 3)  -> (15, 5): 13432.6
(14, 3)  -> (15, 6): 27087.6
(14, 4)  -> (15, 1): 21438.1
(14, 4)  -> (15, 2): 9397.96
(14, 4)  -> (15, 3): 1997.23
(14, 4)  -> (15, 4): 82.728
(14, 4)  -> (15, 5): 3901.16
(14, 4)  -> (15, 6): 13093.2
(14, 5)  -> (15, 2): 22221.8
(14, 5)  -> (15, 3): 9892.72
(14, 5)  -> (15, 4): 2211.8
(14, 5)  -> (15, 5): 48.8961
(14, 5)  -> (15, 6): 3690.62
(14, 6)  -> (15, 3): 22447.5
(14, 6)  -> (15, 4): 10007.8
(14, 6)  -> (15, 5): 2246.63
(14, 6)  -> (15, 6): 48.9638
(15, 0)  -> (16, 0): 39.0076
(15, 0)  -> (16, 1): 3213.11
(15, 0)  -> (16, 2): 11388.8
(15, 0)  -> (16, 3): 23947.2
(15, 1)  -> (16, 0): 1980.07
(15, 1)  -> (16, 1): 39.1368
(15, 1)  -> (16, 2): 3249.9
(15, 1)  -> (16, 3): 11515.1
(15, 1)  -> (16, 4): 24204.6
(15, 2)  -> (16, 0): 8722.12
(15, 2)  -> (16, 1): 1998.53
(15, 2)  -> (16, 2): 39.2766
(15, 2)  -> (16, 3): 3287.15
(15, 2)  -> (16, 4): 11643.1
(15, 2)  -> (16, 5): 24465.2
(15, 3)  -> (16, 0): 19518.3
(15, 3)  -> (16, 1): 8808.74
(15, 3)  -> (16, 2): 2017.33
(15, 3)  -> (16, 3): 39.4267
(15, 3)  -> (16, 4): 3324.86
(15, 3)  -> (16, 5): 11772.8
(15, 3)  -> (16, 6): 24627.7
(15, 4)  -> (16, 1): 19709.8
(15, 4)  -> (16, 2): 8896.71
(15, 4)  -> (16, 3): 2036.49
(15, 4)  -> (16, 4): 39.587
(15, 4)  -> (16, 5): 3363.04
(15, 4)  -> (16, 6): 11832
(15, 5)  -> (16, 2): 19904
(15, 5)  -> (16, 3): 8986.08
(15, 5)  -> (16, 4): 2056.01
(15, 5)  -> (16, 5): 39.7572
(15, 5)  -> (16, 6): 3362.61
(15, 6)  -> (16, 3): 20045.6
(15, 6)  -> (16, 4): 9038.74
(15, 6)  -> (16, 5): 2057.4
(15, 6)  -> (16, 6): 38.1251
(16, 0)  -> (17, 0): 77.7683
(16, 0)  -> (17, 1): 6611.3
(16, 0)  -> (17, 2): 23069.7
(16, 0)  -> (17, 3): 47409
(16, 1)  -> (17, 0): 2586.99
(16, 1)  -> (17, 1): 492.777
(16, 1)  -> (17, 2): 8855.47
(16, 1)  -> (17, 3): 26779.5
(16, 1)  -> (17, 4): 52197.1
(16, 2)  -> (17, 0): 11427.6
(16, 2)  -> (17, 1): 1398.48
(16, 2)  -> (17, 2): 1266.01
(16, 2)  -> (17, 3): 11402
(16, 2)  -> (17, 4): 30711.5
(16, 2)  -> (17, 5): 57112.5
(16, 3)  -> (17, 0): 25108
(16, 3)  -> (17, 1): 8638.23
(16, 3)  -> (17, 2): 599.619
(16, 3)  -> (17, 3): 2387.3
(16, 3)  -> (17, 4): 14229.9
(16, 3)  -> (17, 5): 34882.3
(16, 3)  -> (17, 6): 56668.8
(16, 4)  -> (17, 1): 20876.9
(16, 4)  -> (17, 2): 6277.67
(16, 4)  -> (17, 3): 245.106
(16, 4)  -> (17, 4): 3844.89
(16, 4)  -> (17, 5): 17322.5
(16, 4)  -> (17, 6): 34674.3
(16, 5)  -> (17, 2): 17033
(16, 5)  -> (17, 3): 4320.74
(16, 5)  -> (17, 4): 269.921
(16, 5)  -> (17, 5): 5625.47
(16, 5)  -> (17, 6): 17287.4
(16, 6)  -> (17, 3): 13700.5
(16, 6)  -> (17, 4): 2796.86
(16, 6)  -> (17, 5): 600.826
(16, 6)  -> (17, 6): 5620.46
(17, 0)  -> (18, 1): 95708.9
(17, 1)  -> (18, 1): 11386.4
(17, 1)  -> (18, 2): 144317
(17, 2)  -> (18, 1): 9601.66
(17, 2)  -> (18, 2): 36297
(17, 3)  -> (18, 1): 71271.1
(17, 3)  -> (18, 2): 529.347
(17, 3)  -> (18, 3): 72907.6
(17, 4)  -> (18, 1): 149699
(17, 4)  -> (18, 2): 30493.7
(17, 4)  -> (18, 3): 7371.33
(17, 4)  -> (18, 4): 118679
(17, 4)  -> (18, 6): 178167
(17, 5)  -> (18, 1): 213632
(17, 5)  -> (18, 2): 89448
(17, 5)  -> (18, 3): 7323.97
(17, 5)  -> (18, 4): 28771.3
(17, 5)  -> (18, 5): 128433
(17, 5)  -> (18, 6): 77720.8
(17, 6)  -> (18, 2): 157691
(17, 6)  -> (18, 3): 52022.1
(17, 6)  -> (18, 4): 2048.19
(17, 6)  -> (18, 5): 29446.9
(17, 6)  -> (18, 6): 8815.82
(18, 1)  -> (19, 0): 64579.9
(18, 2)  -> (19, 0): 7191.36
(18, 2)  -> (19, 1): 138623
(18, 3)  -> (19, 0): 4812.38
(18, 3)  -> (19, 1): 50728.5
(18, 3)  -> (19, 2): 172645
(18, 4)  -> (19, 0): 26597.3
(18, 4)  -> (19, 1): 9323.95
(18, 4)  -> (19, 2): 82171.1
(18, 4)  -> (19, 3): 206991
(18, 5)  -> (19, 0): 75382.2
(18, 5)  -> (19, 1): 4172.98
(18, 5)  -> (19, 2): 12266.9
(18, 5)  -> (19, 3): 79526.4
(18, 5)  -> (19, 4): 189447
(18, 6)  -> (19, 1): 164764
(18, 6)  -> (19, 2): 75643.3
(18, 6)  -> (19, 3): 22133.5
(18, 6)  -> (19, 4): 9288.04
(18, 6)  -> (19, 5): 32468.9
(18, 6)  -> (19, 6): 87519.7
(19, 0)  -> (20, 0): 65821.3
(19, 0)  -> (20, 1): 82433.5
(19, 0)  -> (20, 2): 174126
(19, 1)  -> (20, 0): 11707.1
(19, 1)  -> (20, 1): 17613.6
(19, 1)  -> (20, 2): 91228.2
(19, 2)  -> (20, 0): 14601.5
(19, 2)  -> (20, 1): 5314.19
(19, 2)  -> (20, 2): 13444.6
(19, 2)  -> (20, 3): 104775
(19, 3)  -> (20, 0): 53928.5
(19, 3)  -> (20, 1): 48538.3
(19, 3)  -> (20, 2): 3072.6
(19, 3)  -> (20, 3): 29422
(19, 3)  -> (20, 4): 118353
(19, 4)  -> (20, 1): 103300
(19, 4)  -> (20, 2): 32373.6
(19, 4)  -> (20, 3): 2907.82
(19, 4)  -> (20, 4): 48016.4
(19, 4)  -> (20, 5): 140274
(19, 5)  -> (20, 2): 73924
(19, 5)  -> (20, 3): 7862.68
(19, 5)  -> (20, 4): 12087
(19, 5)  -> (20, 5): 67044.9
(19, 5)  -> (20, 6): 168006
(19, 6)  -> (20, 3): 29394.7
(19, 6)  -> (20, 4): 3568.26
(19, 6)  -> (20, 5): 27264.2
(19, 6)  -> (20, 6): 90186
(20, 0)  -> (21, 0): 43313.7
(20, 0)  -> (21, 1): 806.957
(20, 0)  -> (21, 2): 54824.2
(20, 0)  -> (21, 3): 153246
(20, 0)  -> (21, 4): 239847
(20, 1)  -> (21, 1): 141370
(20, 1)  -> (21, 2): 33175.5
(20, 1)  -> (21, 3): 2688.35
(20, 1)  -> (21, 4): 31021.3
(20, 1)  -> (21, 5): 95461.8
(20, 2)  -> (21, 2): 142315
(20, 2)  -> (21, 3): 40049.3
(20, 2)  -> (21, 4): 2073.18
(20, 2)  -> (21, 5): 23755.1
(20, 2)  -> (21, 6): 149258
(20, 3)  -> (21, 3): 95969
(20, 3)  -> (21, 4): 20362.2
(20, 3)  -> (21, 5): 2432.02
(20, 3)  -> (21, 6): 102203
(20, 4)  -> (21, 3): 147674
(20, 4)  -> (21, 4): 59411.7
(20, 4)  -> (21, 5): 3812.84
(20, 4)  -> (21, 6): 54163.8
(20, 5)  -> (21, 3): 177555
(20, 5)  -> (21, 4): 97972.6
(20, 5)  -> (21, 5): 24098.4
(20, 5)  -> (21, 6): 18708.3
(20, 6)  -> (21, 3): 184160
(20, 6)  -> (21, 4): 121961
(20, 6)  -> (21, 5): 49269.3
(20, 6)  -> (21, 6): 2407.54
(21, 0)  -> (22, 0): 1726.69
(21, 0)  -> (22, 1): 63907.9
(21, 0)  -> (22, 2): 176305
(21, 1)  -> (22, 0): 42506
(21, 1)  -> (22, 1): 245.408
(21, 1)  -> (22, 2): 47664.5
(21, 1)  -> (22, 3): 148349
(21, 2)  -> (22, 0): 169322
(21, 2)  -> (22, 1): 53067.4
(21, 2)  -> (22, 2): 668.36
(21, 2)  -> (22, 3): 33977.7
(21, 2)  -> (22, 4): 122845
(21, 2)  -> (22, 5): 219240
(21, 3)  -> (22, 1): 184140
(21, 3)  -> (22, 2): 64591.8
(21, 3)  -> (22, 3): 2801.64
(21, 3)  -> (22, 4): 22931.4
(21, 3)  -> (22, 5): 99826.9
(21, 3)  -> (22, 6): 191286
(21, 4)  -> (22, 2): 199067
(21, 4)  -> (22, 3): 76942.5
(21, 4)  -> (22, 4): 6663.11
(21, 4)  -> (22, 5): 14174
(21, 4)  -> (22, 6): 80694.6
(21, 5)  -> (22, 3): 194360
(21, 5)  -> (22, 4): 75733.8
(21, 5)  -> (22, 5): 7002.66
(21, 5)  -> (22, 6): 13231.4
(21, 6)  -> (22, 3): 207067
(21, 6)  -> (22, 4): 103603
(21, 6)  -> (22, 5): 22138.1
(21, 6)  -> (22, 6): 2276.11
(22, 0)  -> (23, 0): 682.943
(22, 0)  -> (23, 1): 38650.3
(22, 0)  -> (23, 2): 117717
(22, 0)  -> (23, 3): 206798
(22, 1)  -> (23, 0): 22468.7
(22, 1)  -> (23, 1): 570.075
(22, 1)  -> (23, 2): 38011.8
(22, 1)  -> (23, 3): 116967
(22, 1)  -> (23, 4): 206134
(22, 2)  -> (23, 0): 94030.1
(22, 2)  -> (23, 1): 23314.4
(22, 2)  -> (23, 2): 467.239
(22, 2)  -> (23, 3): 37377.3
(22, 2)  -> (23, 4): 116218
(22, 2)  -> (23, 5): 205469
(22, 3)  -> (23, 0): 184778
(22, 3)  -> (23, 1): 95936.2
(22, 3)  -> (23, 2): 24177.5
(22, 3)  -> (23, 3): 377.191
(22, 3)  -> (23, 4): 36746.9
(22, 3)  -> (23, 5): 115470
(22, 3)  -> (23, 6): 204745
(22, 4)  -> (23, 1): 187462
(22, 4)  -> (23, 2): 97864.3
(22, 4)  -> (23, 3): 25058.2
(22, 4)  -> (23, 4): 296.621
(22, 4)  -> (23, 5): 36120.7
(22, 4)  -> (23, 6): 114675
(22, 5)  -> (23, 2): 190168
(22, 5)  -> (23, 3): 99814.4
(22, 5)  -> (23, 4): 25956.5
(22, 5)  -> (23, 5): 225.633
(22, 5)  -> (23, 6): 35469.4
(22, 6)  -> (23, 3): 191131
(22, 6)  -> (23, 4): 100375
(22, 6)  -> (23, 5): 26099.7
(22, 6)  -> (23, 6): 227.432
(23, 0)  -> (24, 0): 5.48656
(23, 0)  -> (24, 1): 3135.85
(23, 0)  -> (24, 2): 12043.2
(23, 0)  -> (24, 3): 25938.9
(23, 1)  -> (24, 0): 2708.96
(23, 1)  -> (24, 1): 8.68524
(23, 1)  -> (24, 2): 3281.58
(23, 1)  -> (24, 3): 12378.6
(23, 1)  -> (24, 4): 26492.8
(23, 2)  -> (24, 0): 10742.4
(23, 2)  -> (24, 1): 2626.8
(23, 2)  -> (24, 2): 14.1423
(23, 2)  -> (24, 3): 3431.18
(23, 2)  -> (24, 4): 12720
(23, 2)  -> (24, 5): 27054.9
(23, 3)  -> (24, 0): 23185.1
(23, 3)  -> (24, 1): 10629.1
(23, 3)  -> (24, 2): 2545.79
(23, 3)  -> (24, 3): 21.8763
(23, 3)  -> (24, 4): 3584.69
(23, 3)  -> (24, 5): 13067.4
(23, 3)  -> (24, 6): 27289.9
(23, 4)  -> (24, 1): 23086
(23, 4)  -> (24, 2): 10516.5
(23, 4)  -> (24, 3): 2465.93
(23, 4)  -> (24, 4): 31.9134
(23, 4)  -> (24, 5): 3742.16
(23, 4)  -> (24, 6): 13181.5
(23, 5)  -> (24, 2): 22987.7
(23, 5)  -> (24, 3): 10404.6
(23, 5)  -> (24, 4): 2387.22
(23, 5)  -> (24, 5): 44.2712
(23, 5)  -> (24, 6): 3772.92
(23, 6)  -> (24, 3): 22905.8
(23, 6)  -> (24, 4): 10304.2
(23, 6)  -> (24, 5): 2314.83
(23, 6)  -> (24, 6): 42.8866
(24, 0)  -> (25, 0): 554.907
(24, 0)  -> (25, 1): 11832.4
(24, 0)  -> (25, 2): 53749.7
(24, 0)  -> (25, 3): 114301
(24, 1)  -> (25, 0): 17117.1
(24, 1)  -> (25, 1): 11.1815
(24, 1)  -> (25, 2): 16819.6
(24, 1)  -> (25, 3): 62625
(24, 1)  -> (25, 4): 125189
(24, 2)  -> (25, 0): 51587.7
(24, 2)  -> (25, 1): 11452.7
(24, 2)  -> (25, 2): 521.061
(24, 2)  -> (25, 3): 22580.3
(24, 2)  -> (25, 4): 71941.2
(24, 2)  -> (25, 5): 136205
(24, 3)  -> (25, 0): 94834.9
(24, 3)  -> (25, 1): 41265.6
(24, 3)  -> (25, 2): 6945.1
(24, 3)  -> (25, 3): 2058.23
(24, 3)  -> (25, 4): 29135.6
(24, 3)  -> (25, 5): 81633.4
(24, 3)  -> (25, 6): 134621
(24, 4)  -> (25, 1): 80942.8
(24, 4)  -> (25, 2): 32083.9
(24, 4)  -> (25, 3): 3647.75
(24, 4)  -> (25, 4): 4571.94
(24, 4)  -> (25, 5): 36357.4
(24, 4)  -> (25, 6): 80900.9
(24, 5)  -> (25, 2): 68067.3
(24, 5)  -> (25, 3): 24062.4
(24, 5)  -> (25, 4): 1501.43
(24, 5)  -> (25, 5): 8011.93
(24, 5)  -> (25, 6): 36298.7
(24, 6)  -> (25, 3): 56820.5
(24, 6)  -> (25, 4): 17667.2
(24, 6)  -> (25, 5): 698.945
(24, 6)  -> (25, 6): 7988.18
(25, 0)  -> (26, 1): 58656.9
(25, 1)  -> (26, 1): 3159.53
(25, 1)  -> (26, 2): 103510
(25, 2)  -> (26, 1): 17547.7
(25, 2)  -> (26, 2): 21575.1
(25, 2)  -> (26, 3): 157152
(25, 3)  -> (26, 1): 83165.5
(25, 3)  -> (26, 2): 1487.55
(25, 3)  -> (26, 3): 54654.6
(25, 4)  -> (26, 1): 159586
(25, 4)  -> (26, 2): 36448.2
(25, 4)  -> (26, 3): 4136.72
(25, 4)  -> (26, 4): 99713
(25, 5)  -> (26, 1): 219976
(25, 5)  -> (26, 2): 94294.4
(25, 5)  -> (26, 3): 9099.72
(25, 5)  -> (26, 4): 23584.9
(25, 5)  -> (26, 5): 112802
(25, 6)  -> (26, 2): 163873
(25, 6)  -> (26, 3): 55851.3
(25, 6)  -> (26, 4): 2016.16
(25, 6)  -> (26, 5): 24093
(26, 1)  -> (27, 0): 83330.1
(26, 2)  -> (27, 0): 15402.3
(26, 3)  -> (27, 0): 1954.87
(26, 3)  -> (27, 1): 72074.9
(26, 4)  -> (27, 0): 18241.2
(26, 4)  -> (27, 1): 18111.5
(26, 4)  -> (27, 2): 108971
(26, 5)  -> (27, 0): 65607.7
(26, 5)  -> (27, 1): 2280.96
(26, 5)  -> (27, 2): 20911
(26, 5)  -> (27, 3): 82323.6
(26, 5)  -> (27, 4): 174335
(27, 0)  -> (28, 1): 143630
(27, 1)  -> (28, 1): 66286.9
(27, 1)  -> (28, 2): 202885
(27, 2)  -> (28, 0): 74015
(27, 2)  -> (28, 1): 5197.36
(27, 2)  -> (28, 2): 81049.2
(27, 2)  -> (28, 3): 201379
(27, 3)  -> (28, 0): 23125.5
(27, 3)  -> (28, 1): 14916.3
(27, 3)  -> (28, 2): 8470.02
(27, 3)  -> (28, 3): 74053.4
(27, 3)  -> (28, 4): 179467
(27, 4)  -> (28, 0): 19329.8
(27, 4)  -> (28, 1): 71138.2
(27, 4)  -> (28, 2): 8135.75
(27, 4)  -> (28, 3): 11865.8
(27, 4)  -> (28, 4): 67637.4
(27, 4)  -> (28, 5): 162923
(28, 0)  -> (29, 0): 10925.8
(28, 0)  -> (29, 1): 93859.1
(28, 1)  -> (29, 1): 112252
(28, 1)  -> (29, 2): 29612.7
(28, 1)  -> (29, 3): 2172.99
(28, 1)  -> (29, 4): 16013.1
(28, 1)  -> (29, 5): 111297
(28, 2)  -> (29, 2): 86573.5
(28, 2)  -> (29, 3): 22221.7
(28, 2)  -> (29, 4): 417.013
(28, 2)  -> (29, 5): 54158.2
(28, 2)  -> (29, 6): 172912
(28, 3)  -> (29, 3): 66425.7
(28, 3)  -> (29, 4): 16828.2
(28, 3)  -> (29, 5): 14605
(28, 3)  -> (29, 6): 108603
(28, 4)  -> (29, 3): 109466
(28, 4)  -> (29, 4): 50961.1
(28, 4)  -> (29, 5): 336.086
(28, 4)  -> (29, 6): 55911.7
(28, 5)  -> (29, 3): 138198
(28, 5)  -> (29, 4): 84812.6
(28, 5)  -> (29, 5): 5877.91
(28, 5)  -> (29, 6): 20811.1
(29, 0)  -> (30, 0): 1498.35
(29, 0)  -> (30, 1): 34533.9
(29, 0)  -> (30, 2): 138777
(29, 1)  -> (30, 0): 92709.8
(29, 1)  -> (30, 1): 9021.52
(29, 1)  -> (30, 2): 14911.1
(29, 1)  -> (30, 3): 94457.7
(29, 1)  -> (30, 4): 194738
(29, 2)  -> (30, 1): 121346
(29, 2)  -> (30, 2): 22449.1
(29, 2)  -> (30, 3): 3651.58
(29, 2)  -> (30, 4): 58777.8
(29, 2)  -> (30, 5): 143659
(29, 2)  -> (30, 6): 227276
(29, 3)  -> (30, 2): 152238
(29, 3)  -> (30, 3): 41105.9
(29, 3)  -> (30, 4): 573.38
(29, 3)  -> (30, 5): 31913.1
(29, 3)  -> (30, 6): 105340
(29, 4)  -> (30, 3): 184719
(29, 4)  -> (30, 4): 64184.6
(29, 4)  -> (30, 5): 4291.44
(29, 4)  -> (30, 6): 15831.8
(29, 5)  -> (30, 4): 121315
(29, 5)  -> (30, 5): 28886.4
(29, 5)  -> (30, 6): 780.581
(29, 6)  -> (30, 4): 168383
(29, 6)  -> (30, 5): 69197.1
(29, 6)  -> (30, 6): 6090.33
(30, 0)  -> (31, 0): 10526.4
(30, 0)  -> (31, 1): 78046.8
(30, 0)  -> (31, 2): 174572
(30, 0)  -> (31, 3): 264302
(30, 1)  -> (31, 0): 10247
(30, 1)  -> (31, 1): 8808.23
(30, 1)  -> (31, 2): 73374.3
(30, 1)  -> (31, 3): 168055
(30, 1)  -> (31, 4): 257064
(30, 2)  -> (31, 0): 85451.9
(30, 2)  -> (31, 1): 12037.3
(30, 2)  -> (31, 2): 7246.02
(30, 2)  -> (31, 3): 68828.8
(30, 2)  -> (31, 4): 161617
(30, 2)  -> (31, 5): 249857
(30, 3)  -> (31, 0): 198989
(30, 3)  -> (31, 1): 90048.6
(30, 3)  -> (31, 2): 13965.2
(30, 3)  -> (31, 3): 5876.34
(30, 3)  -> (31, 4): 64413.3
(30, 3)  -> (31, 5): 155263
(30, 3)  -> (31, 6): 242247
(30, 4)  -> (31, 1): 205091
(30, 4)  -> (31, 2): 94732
(30, 4)  -> (31, 3): 16061.6
(30, 4)  -> (31, 4): 4650.99
(30, 4)  -> (31, 5): 60130.5
(30, 4)  -> (31, 6): 148611
(30, 5)  -> (31, 2): 211218
(30, 5)  -> (31, 3): 99498.1
(30, 5)  -> (31, 4): 18301.1
(30, 5)  -> (31, 5): 3570.18
(30, 5)  -> (31, 6): 55722
(30, 6)  -> (31, 3): 210362
(30, 6)  -> (31, 4): 98950.7
(30, 6)  -> (31, 5): 18117.9
(30, 6)  -> (31, 6): 3554.74
(31, 0)  -> (32, 0): 22.0575
(31, 0)  -> (32, 1): 2399.83
(31, 0)  -> (32, 2): 10170.3
(31, 0)  -> (32, 3): 22515.7
(31, 1)  -> (32, 0): 3128.12
(31, 1)  -> (32, 1): 10.4089
(31, 1)  -> (32, 2): 2569.36
(31, 1)  -> (32, 3): 10537.8
(31, 1)  -> (32, 4): 23083.1
(31, 2)  -> (32, 0): 11285.8
(31, 2)  -> (32, 1): 2967.77
(31, 2)  -> (32, 2): 3.82648
(31, 2)  -> (32, 3): 2745.01
(31, 2)  -> (32, 4): 10912.3
(31, 2)  -> (32, 5): 23658.2
(31, 3)  -> (32, 0): 23698.9
(31, 3)  -> (32, 1): 11010
(31, 3)  -> (32, 2): 2811.35
(31, 3)  -> (32, 3): 2.41878
(31, 3)  -> (32, 4): 2926.82
(31, 3)  -> (32, 5): 11294
(31, 3)  -> (32, 6): 24241.2
(31, 4)  -> (32, 1): 23342.1
(31, 4)  -> (32, 2): 10737.1
(31, 4)  -> (32, 3): 2658.88
(31, 4)  -> (32, 4): 5.96082
(31, 4)  -> (32, 5): 3114.82
(31, 4)  -> (32, 6): 11682.9
(31, 5)  -> (32, 2): 22987.3
(31, 5)  -> (32, 3): 10467.1
(31, 5)  -> (32, 4): 2510.39
(31, 5)  -> (32, 5): 14.6545
(31, 5)  -> (32, 6): 3309.02
(31, 6)  -> (32, 3): 22745.3
(31, 6)  -> (32, 4): 10276.2
(31, 6)  -> (32, 5): 2403.11
(31, 6)  -> (32, 6): 24.7638
(32, 0)  -> (33, 0): 209.544
(32, 0)  -> (33, 1): 1513.37
(32, 0)  -> (33, 2): 8303.57
(32, 0)  -> (33, 3): 19890.5
(32, 1)  -> (33, 0): 4195.67
(32, 1)  -> (33, 1): 147.219
(32, 1)  -> (33, 2): 1704.57
(32, 1)  -> (33, 3): 8750.25
(32, 1)  -> (33, 4): 20579.4
(32, 2)  -> (33, 0): 12857.9
(32, 2)  -> (33, 1): 3906.35
(32, 2)  -> (33, 2): 95.8235
(32, 2)  -> (33, 3): 1907.35
(32, 2)  -> (33, 4): 9208.78
(32, 2)  -> (33, 5): 21280.1
(32, 3)  -> (33, 0): 25302
(32, 3)  -> (33, 1): 12367.6
(32, 3)  -> (33, 2): 3627.05
(32, 3)  -> (33, 3): 55.3852
(32, 3)  -> (33, 4): 2121.72
(32, 3)  -> (33, 5): 9679.16
(32, 3)  -> (33, 6): 21992.4
(32, 4)  -> (33, 1): 24643.5
(32, 4)  -> (33, 2): 11886.1
(32, 4)  -> (33, 3): 3357.8
(32, 4)  -> (33, 4): 25.9299
(32, 4)  -> (33, 5): 2347.71
(32, 4)  -> (33, 6): 10161.4
(32, 5)  -> (33, 2): 23992.6
(32, 5)  -> (33, 3): 11413.6
(32, 5)  -> (33, 4): 3098.63
(32, 5)  -> (33, 5): 7.48298
(32, 5)  -> (33, 6): 2585.32
(32, 6)  -> (33, 3): 23349.6
(32, 6)  -> (33, 4): 10950.1
(32, 6)  -> (33, 5): 2849.58
(32, 6)  -> (33, 6): 0.0718674
(33, 0)  -> (34, 0): 498.102
(33, 0)  -> (34, 1): 1051.04
(33, 0)  -> (34, 2): 7397.32
(33, 0)  -> (34, 3): 18827.8
(33, 1)  -> (34, 0): 5386.79
(33, 1)  -> (34, 1): 379.39
(33, 1)  -> (34, 2): 1241.55
(33, 1)  -> (34, 3): 7883.19
(33, 1)  -> (34, 4): 19579.2
(33, 2)  -> (34, 0): 15014.6
(33, 2)  -> (34, 1): 4978.13
(33, 2)  -> (34, 2): 276.772
(33, 2)  -> (34, 3): 1447.98
(33, 2)  -> (34, 4): 8384.16
(33, 2)  -> (34, 5): 20344.5
(33, 3)  -> (34, 0): 28385.6
(33, 3)  -> (34, 1): 14336.1
(33, 3)  -> (34, 2): 4585.43
(33, 3)  -> (34, 3): 190.248
(33, 3)  -> (34, 4): 1670.3
(33, 3)  -> (34, 5): 8900.19
(33, 3)  -> (34, 6): 21123.5
(33, 4)  -> (34, 1): 27469.9
(33, 4)  -> (34, 2): 13672.8
(33, 4)  -> (34, 3): 4208.7
(33, 4)  -> (34, 4): 119.818
(33, 4)  -> (34, 5): 1908.5
(33, 4)  -> (34, 6): 9431.24
(33, 5)  -> (34, 2): 26568.3
(33, 5)  -> (34, 3): 13024.8
(33, 5)  -> (34, 4): 3847.96
(33, 5)  -> (34, 5): 65.478
(33, 5)  -> (34, 6): 2162.54
(33, 6)  -> (34, 3): 25680.9
(33, 6)  -> (34, 4): 12392
(33, 6)  -> (34, 5): 3503.25
(33, 6)  -> (34, 6): 27.2254
(34, 0)  -> (35, 0): 1697.51
(34, 0)  -> (35, 1): 8692.01
(34, 0)  -> (35, 2): 20277.6
(34, 0)  -> (35, 3): 35190.8
(34, 1)  -> (35, 0): 144.3
(34, 1)  -> (35, 1): 1730.97
(34, 1)  -> (35, 2): 8750.78
(34, 1)  -> (35, 3): 20342.7
(34, 2)  -> (35, 0): 4173.62
(34, 2)  -> (35, 1): 131.295
(34, 2)  -> (35, 2): 1764.68
(34, 2)  -> (35, 3): 8809.45
(34, 2)  -> (35, 4): 20407.2
(34, 3)  -> (35, 0): 13337
(34, 3)  -> (35, 1): 4096.51
(34, 3)  -> (35, 2): 119.453
(34, 3)  -> (35, 3): 1798.64
(34, 3)  -> (35, 4): 8868.01
(34, 3)  -> (35, 5): 20803.6
(34, 4)  -> (35, 0): 26636.9
(34, 4)  -> (35, 1): 13181.4
(34, 4)  -> (35, 2): 4020.07
(34, 4)  -> (35, 3): 108.176
(34, 4)  -> (35, 4): 1832.84
(34, 4)  -> (35, 5): 9151.24
(34, 4)  -> (35, 6): 23079.2
(34, 5)  -> (35, 1): 26396.4
(34, 5)  -> (35, 2): 13026.4
(34, 5)  -> (35, 3): 3944.31
(34, 5)  -> (35, 4): 98.7519
(34, 5)  -> (35, 5): 1972.15
(34, 5)  -> (35, 6): 10733.3
(34, 6)  -> (35, 2): 26156.4
(34, 6)  -> (35, 3): 12872.1
(34, 6)  -> (35, 4): 3869.24
(34, 6)  -> (35, 5): 68.1535
(34, 6)  -> (35, 6): 2761.11
(35, 0)  -> (36, 0): 1729.27
(35, 0)  -> (36, 1): 91.4198
(35, 0)  -> (36, 2): 3581.38
(35, 0)  -> (36, 3): 11747.8
(35, 0)  -> (36, 4): 23680.4
(35, 1)  -> (36, 0): 8884.76
(35, 1)  -> (36, 1): 1968.56
(35, 1)  -> (36, 2): 45.3321
(35, 1)  -> (36, 3): 3243.95
(35, 1)  -> (36, 4): 11129.7
(35, 1)  -> (36, 5): 22807
(35, 2)  -> (36, 0): 20871.1
(35, 2)  -> (36, 1): 9401.97
(35, 2)  -> (36, 2): 2223.22
(35, 2)  -> (36, 3): 15.5342
(35, 2)  -> (36, 4): 2923.24
(35, 2)  -> (36, 5): 10528.1
(35, 2)  -> (36, 6): 21949.7
(35, 3)  -> (36, 1): 21629.5
(35, 3)  -> (36, 2): 9933.17
(35, 3)  -> (36, 3): 2493.18
(35, 3)  -> (36, 4): 2.08993
(35, 3)  -> (36, 5): 2619.25
(35, 3)  -> (36, 6): 9943.27
(35, 4)  -> (36, 2): 22400.1
(35, 4)  -> (36, 3): 10478.3
(35, 4)  -> (36, 4): 2778.41
(35, 4)  -> (36, 5): 4.81273
(35, 4)  -> (36, 6): 2331.98
(35, 5)  -> (36, 3): 22837.2
(35, 5)  -> (36, 4): 10793.7
(35, 5)  -> (36, 5): 2949.23
(35, 5)  -> (36, 6): 13.8862
(35, 6)  -> (36, 3): 36183.3
(35, 6)  -> (36, 4): 21412.4
(35, 6)  -> (36, 5): 9810.2
(35, 6)  -> (36, 6): 2445.21
(36, 0)  -> (37, 0): 334.391
(36, 0)  -> (37, 1): 4695.48
(36, 0)  -> (37, 2): 13671.2
(36, 0)  -> (37, 3): 26329.6
(36, 1)  -> (37, 0): 1277.9
(36, 1)  -> (37, 1): 235.764
(36, 1)  -> (37, 2): 4315.14
(36, 1)  -> (37, 3): 13044.2
(36, 1)  -> (37, 4): 25498.7
(36, 2)  -> (37, 0): 7886.47
(36, 2)  -> (37, 1): 1501.11
(36, 2)  -> (37, 2): 154.238
(36, 2)  -> (37, 3): 3950.31
(36, 2)  -> (37, 4): 12430.8
(36, 2)  -> (37, 5): 24679.5
(36, 3)  -> (37, 0): 19510.1
(36, 3)  -> (37, 1): 8437.62
(36, 3)  -> (37, 2): 1742.62
(36, 3)  -> (37, 3): 89.872
(36, 3)  -> (37, 4): 3601.07
(36, 3)  -> (37, 5): 11831.2
(36, 3)  -> (37, 6): 24263.5
(36, 4)  -> (37, 1): 20375.3
(36, 4)  -> (37, 2): 9007.68
(36, 4)  -> (37, 3): 2002.47
(36, 4)  -> (37, 4): 42.7225
(36, 4)  -> (37, 5): 3267.49
(36, 4)  -> (37, 6): 11521.3
(36, 5)  -> (37, 2): 21259.3
(36, 5)  -> (37, 3): 9596.66
(36, 5)  -> (37, 4): 2280.7
(36, 5)  -> (37, 5): 12.8463
(36, 5)  -> (37, 6): 3094.08
(36, 6)  -> (37, 3): 22162.2
(36, 6)  -> (37, 4): 10204.6
(36, 6)  -> (37, 5): 2577.34
(36, 6)  -> (37, 6): 3.60289
(37, 0)  -> (38, 0): 199.684
(37, 0)  -> (38, 1): 4473.2
(37, 0)  -> (38, 2): 13957.8
(37, 0)  -> (38, 3): 27716.9
(37, 1)  -> (38, 0): 1672.26
(37, 1)  -> (38, 1): 154.043
(37, 1)  -> (38, 2): 4273.06
(37, 1)  -> (38, 3): 13651.1
(37, 1)  -> (38, 4): 27349.2
(37, 2)  -> (38, 0): 8948.53
(37, 2)  -> (38, 1): 1830.81
(37, 2)  -> (38, 2): 114.181
(37, 2)  -> (38, 3): 4077.06
(37, 2)  -> (38, 4): 13347.2
(37, 2)  -> (38, 5): 26983.4
(37, 3)  -> (38, 0): 21242.4
(37, 3)  -> (38, 1): 9343.44
(37, 3)  -> (38, 2): 1997.05
(37, 3)  -> (38, 3): 80.3847
(37, 3)  -> (38, 4): 3885.22
(37, 3)  -> (38, 5): 13046.2
(37, 3)  -> (38, 6): 26749.2
(37, 4)  -> (38, 1): 21886.4
(37, 4)  -> (38, 2): 9747.93
(37, 4)  -> (38, 3): 2171.02
(37, 4)  -> (38, 4): 52.655
(37, 4)  -> (38, 5): 3697.56
(37, 4)  -> (38, 6): 12840.2
(37, 5)  -> (38, 2): 22541.5
(37, 5)  -> (38, 3): 10162.1
(37, 5)  -> (38, 4): 2352.8
(37, 5)  -> (38, 5): 30.6175
(37, 5)  -> (38, 6): 3563.46
(37, 6)  -> (38, 3): 22819.2
(37, 6)  -> (38, 4): 10317.5
(37, 6)  -> (38, 5): 2409.8
(37, 6)  -> (38, 6): 30.2501
(38, 0)  -> (39, 0): 5.50809
(38, 0)  -> (39, 1): 2847.38
(38, 0)  -> (39, 2): 11045.3
(38, 0)  -> (39, 3): 23955.6
(38, 1)  -> (39, 0): 2509.81
(38, 1)  -> (39, 1): 7.15973
(38, 1)  -> (39, 2): 2989.25
(38, 1)  -> (39, 3): 11371.8
(38, 1)  -> (39, 4): 24495.7
(38, 2)  -> (39, 0): 9886.91
(38, 2)  -> (39, 1): 2426.91
(38, 2)  -> (39, 2): 11.7424
(38, 2)  -> (39, 3): 3135.09
(38, 2)  -> (39, 4): 11704.3
(38, 2)  -> (39, 5): 25043.8
(38, 3)  -> (39, 0): 21324.5
(38, 3)  -> (39, 1): 9769.33
(38, 3)  -> (39, 2): 2345.25
(38, 3)  -> (39, 3): 18.9344
(38, 3)  -> (39, 4): 3284.93
(38, 3)  -> (39, 5): 12042.7
(38, 3)  -> (39, 6): 25599.8
(38, 4)  -> (39, 1): 21215.1
(38, 4)  -> (39, 2): 9652.44
(38, 4)  -> (39, 3): 2264.83
(38, 4)  -> (39, 4): 28.7774
(38, 4)  -> (39, 5): 3438.8
(38, 4)  -> (39, 6): 12387.1
(38, 5)  -> (39, 2): 21106.2
(38, 5)  -> (39, 3): 9536.23
(38, 5)  -> (39, 4): 2185.67
(38, 5)  -> (39, 5): 41.1859
(38, 5)  -> (39, 6): 3596.74
(38, 6)  -> (39, 3): 20884.5
(38, 6)  -> (39, 4): 9342.86
(38, 6)  -> (39, 5): 2070.43
(38, 6)  -> (39, 6): 62.3039
(39, 0)  -> (40, 0): 1030.39
(39, 0)  -> (40, 1): 2319.67
(39, 0)  -> (40, 2): 15946
(39, 0)  -> (40, 3): 39812.3
(39, 1)  -> (40, 0): 8494.05
(39, 1)  -> (40, 1): 179.674
(39, 1)  -> (40, 2): 4388.61
(39, 1)  -> (40, 3): 20551.5
(39, 1)  -> (40, 4): 46369.8
(39, 2)  -> (40, 0): 22039.7
(39, 2)  -> (40, 1): 5353.02
(39, 2)  -> (40, 2): 51.6571
(39, 2)  -> (40, 3): 7109.78
(39, 2)  -> (40, 4): 25652.8
(39, 2)  -> (40, 5): 53269.7
(39, 3)  -> (40, 0): 39795.7
(39, 3)  -> (40, 1): 16762.7
(39, 3)  -> (40, 2): 2936.8
(39, 3)  -> (40, 3): 616.297
(39, 3)  -> (40, 4): 10441.8
(39, 3)  -> (40, 5): 31251.7
(39, 3)  -> (40, 6): 60468.8
(39, 4)  -> (40, 1): 32673.8
(39, 4)  -> (40, 2): 12197.1
(39, 4)  -> (40, 3): 1279.22
(39, 4)  -> (40, 4): 1871.6
(39, 4)  -> (40, 5): 14349.3
(39, 4)  -> (40, 6): 37293.2
(39, 5)  -> (40, 2): 26217.7
(39, 5)  -> (40, 3): 8354.48
(39, 5)  -> (40, 4): 375.591
(39, 5)  -> (40, 5): 3784.45
(39, 5)  -> (40, 6): 18795.5
(39, 6)  -> (40, 3): 20450.1
(39, 6)  -> (40, 4): 5309.36
(39, 6)  -> (40, 5): 266.618
(39, 6)  -> (40, 6): 6326.97
(40, 0)  -> (41, 1): 23947.1
(40, 0)  -> (41, 2): 161752
(40, 1)  -> (41, 1): 2142.23
(40, 1)  -> (41, 2): 57867.5
(40, 2)  -> (41, 1): 55867.2
(40, 2)  -> (41, 2): 2593.54
(40, 2)  -> (41, 3): 103796
(40, 3)  -> (41, 1): 148324
(40, 3)  -> (41, 2): 18463.3
(40, 3)  -> (41, 3): 20745.6
(40, 3)  -> (41, 4): 158965
(40, 4)  -> (41, 1): 234462
(40, 4)  -> (41, 2): 82553.6
(40, 4)  -> (41, 3): 1552.06
(40, 4)  -> (41, 4): 54268.5
(40, 4)  -> (41, 6): 160476
(40, 5)  -> (41, 2): 154975
(40, 5)  -> (41, 3): 35628.5
(40, 5)  -> (41, 4): 4071.99
(40, 5)  -> (41, 5): 100277
(40, 5)  -> (41, 6): 67399.2
(40, 6)  -> (41, 2): 211340
(40, 6)  -> (41, 3): 90332
(40, 6)  -> (41, 4): 8466.36
(40, 6)  -> (41, 5): 23970.8
(40, 6)  -> (41, 6): 9652.08
(41, 1)  -> (42, 0): 46714.5
(41, 2)  -> (42, 0): 6371.24
(41, 2)  -> (42, 1): 92923.5
(41, 3)  -> (42, 0): 14185.8
(41, 3)  -> (42, 1): 24479
(41, 3)  -> (42, 2): 126477
(41, 4)  -> (42, 0): 44514.7
(41, 4)  -> (42, 1): 2273.45
(41, 4)  -> (42, 2): 49320.2
(41, 4)  -> (42, 3): 162178
(41, 5)  -> (42, 0): 69378.2
(41, 5)  -> (42, 1): 6268.64
(41, 5)  -> (42, 2): 10434.8
(41, 5)  -> (42, 3): 80686.7
(41, 5)  -> (42, 4): 200309
(41, 6)  -> (42, 1): 166221
(41, 6)  -> (42, 2): 76060.8
(41, 6)  -> (42, 3): 19474.3
(41, 6)  -> (42, 4): 9030.81
(41, 6)  -> (42, 5): 42524.5
(41, 6)  -> (42, 6): 111558
(42, 0)  -> (43, 0): 98496.4
(42, 1)  -> (43, 0): 17092.8
(42, 1)  -> (43, 1): 88155.4
(42, 1)  -> (43, 2): 203820
(42, 2)  -> (43, 0): 4868.15
(42, 2)  -> (43, 1): 13261.8
(42, 2)  -> (43, 2): 91147.4
(42, 2)  -> (43, 3): 193736
(42, 3)  -> (43, 0): 45591.8
(42, 3)  -> (43, 1): 2748.02
(42, 3)  -> (43, 2): 23169.6
(42, 3)  -> (43, 3): 95903.5
(42, 3)  -> (43, 4): 194454
(42, 4)  -> (43, 0): 98062
(42, 4)  -> (43, 1): 30327.9
(42, 4)  -> (43, 2): 1812.58
(42, 4)  -> (43, 3): 34265.7
(42, 4)  -> (43, 4): 101761
(42, 4)  -> (43, 5): 200391
(42, 5)  -> (43, 1): 70166.6
(42, 5)  -> (43, 2): 9989.23
(42, 5)  -> (43, 3): 6235.73
(42, 5)  -> (43, 4): 45796.9
(42, 5)  -> (43, 5): 112465
(42, 5)  -> (43, 6): 210599
(42, 6)  -> (43, 2): 33501
(42, 6)  -> (43, 3): 3179.71
(42, 6)  -> (43, 4): 14507.5
(42, 6)  -> (43, 5): 57145.8
(42, 6)  -> (43, 6): 126217
(43, 0)  -> (44, 2): 38537.3
(43, 0)  -> (44, 3): 2278.72
(43, 0)  -> (44, 4): 31192.1
(43, 0)  -> (44, 5): 94215
(43, 1)  -> (44, 2): 152255
(43, 1)  -> (44, 3): 41817.6
(43, 1)  -> (44, 4): 1974.6
(43, 1)  -> (44, 5): 23610.6
(43, 1)  -> (44, 6): 159192
(43, 2)  -> (44, 3): 110529
(43, 2)  -> (44, 4): 25328.2
(43, 2)  -> (44, 5): 1287.82
(43, 2)  -> (44, 6): 96890.1
(43, 3)  -> (44, 3): 178964
(43, 3)  -> (44, 4): 76992.8
(43, 3)  -> (44, 5): 9993.41
(43, 3)  -> (44, 6): 42998.8
(43, 4)  -> (44, 3): 225521
(43, 4)  -> (44, 4): 131849
(43, 4)  -> (44, 5): 43965.5
(43, 4)  -> (44, 6): 9224.13
(43, 5)  -> (44, 3): 246682
(43, 5)  -> (44, 4): 171922
(43, 5)  -> (44, 5): 84858.6
(43, 5)  -> (44, 6): 494.53
(43, 6)  -> (44, 3): 247737
(43, 6)  -> (44, 4): 192319
(43, 6)  -> (44, 5): 117718
(43, 6)  -> (44, 6): 9076.35
(44, 2)  -> (45, 0): 32714.7
(44, 2)  -> (45, 1): 1608.91
(44, 2)  -> (45, 2): 40593.6
(44, 2)  -> (45, 3): 121014
(44, 2)  -> (45, 4): 203104
(44, 2)  -> (45, 5): 276398
(44, 3)  -> (45, 0): 138422
(44, 3)  -> (45, 1): 43304.4
(44, 3)  -> (45, 2): 1634.68
(44, 3)  -> (45, 3): 27096.3
(44, 3)  -> (45, 4): 96179.3
(44, 3)  -> (45, 5): 182741
(44, 4)  -> (45, 1): 154363
(44, 4)  -> (45, 2): 55132.4
(44, 4)  -> (45, 3): 3454.42
(44, 4)  -> (45, 4): 16456.9
(44, 4)  -> (45, 5): 82498.2
(44, 5)  -> (45, 2): 159738
(44, 5)  -> (45, 3): 60375.4
(44, 5)  -> (45, 4): 5041.42
(44, 5)  -> (45, 5): 15271.3
(44, 6)  -> (45, 2): 162931
(44, 6)  -> (45, 3): 76660.5
(44, 6)  -> (45, 4): 13347.8
(44, 6)  -> (45, 5): 5980.72
(45, 0)  -> (46, 0): 6031.23
(45, 0)  -> (46, 1): 8807.47
(45, 0)  -> (46, 2): 67114.1
(45, 0)  -> (46, 3): 158368
(45, 0)  -> (46, 4): 251293
(45, 1)  -> (46, 0): 62532.5
(45, 1)  -> (46, 1): 9128.74
(45, 1)  -> (46, 2): 5800.7
(45, 1)  -> (46, 3): 58750.7
(45, 1)  -> (46, 4): 146539
(45, 1)  -> (46, 5): 237995
(45, 2)  -> (46, 0): 151286
(45, 2)  -> (46, 1): 71421.8
(45, 2)  -> (46, 2): 12862.9
(45, 2)  -> (46, 3): 3412.2
(45, 2)  -> (46, 4): 50881.6
(45, 2)  -> (46, 5): 135028
(45, 2)  -> (46, 6): 226735
(45, 3)  -> (46, 1): 163794
(45, 3)  -> (46, 2): 80837.1
(45, 3)  -> (46, 3): 17226.3
(45, 3)  -> (46, 4): 1649.75
(45, 3)  -> (46, 5): 43525.7
(45, 3)  -> (46, 6): 125418
(45, 4)  -> (46, 2): 176645
(45, 4)  -> (46, 3): 90759.1
(45, 4)  -> (46, 4): 22211
(45, 4)  -> (46, 5): 535.428
(45, 4)  -> (46, 6): 37618.6
(45, 5)  -> (46, 3): 178873
(45, 5)  -> (46, 4): 92413.1
(45, 5)  -> (46, 5): 23011.2
(45, 5)  -> (46, 6): 536.92
(46, 0)  -> (0, 0): 1496.59
(46, 1)  -> (0, 1): 1223.29
(46, 2)  -> (0, 2): 976.446
(46, 3)  -> (0, 3): 756.774
(46, 4)  -> (0, 4): 572.53
(46, 5)  -> (0, 5): 413.88
(46, 6)  -> (0, 6): 438.839
0.084501s 소요
