 s_racetraj_m,delta_s,psi_racetraj_rad,x_sampling,y_sampling
0,2.18483,3.11905,-14.1996,5.27239
2.18483,0.792763,-3.0895,-14.2488,3.08822
2.97759,0.696739,-2.90922,-14.2076,2.29712
3.67433,0.675461,-2.68763,-14.0474,1.62038
4.34979,0.698794,-2.47403,-13.7519,1.01459
5.04858,0.813817,-2.29102,-13.3199,0.466686
5.8624,0.698247,-2.10057,-12.7089,-0.0694455
6.56065,0.65383,-1.88643,-12.1076,-0.421618
7.21448,0.693769,-1.68802,-11.4872,-0.624213
7.90825,2.1581,-1.56217,-10.7991,-0.705241
10.0664,2.22904,-1.54167,-8.64121,-0.686628
12.2954,2.21452,-1.54458,-6.41312,-0.621705
14.5099,2.1667,-1.56926,-4.19938,-0.563645
16.6766,2.22104,-1.60005,-2.0328,-0.56032
18.8977,2.18684,-1.60773,0.187249,-0.625285
21.0845,2.2284,-1.59271,2.3726,-0.706026
23.3129,2.16841,-1.57319,4.60041,-0.75486
25.4813,0.678996,-1.54529,6.76881,-0.760054
26.1603,0.69951,-1.37361,7.44734,-0.742742
26.8598,0.6833,-1.1092,8.13162,-0.606038
27.5431,0.670497,-0.867659,8.7415,-0.302656
28.2136,0.681394,-0.755828,9.25228,0.130314
28.895,0.670645,-0.556829,9.71926,0.62576
29.5656,0.692383,-0.313986,10.0729,1.19382
30.258,0.667029,-0.0933512,10.2862,1.85063
30.9251,2.19203,-0.000165099,10.3483,2.51391
33.1171,1.51915,0.0163858,10.3486,4.70593
34.6362,0.661892,0.19731,10.3238,6.22428
35.2981,0.667389,0.426553,10.1942,6.87218
35.9655,0.693095,0.673456,9.91881,7.47826
36.6586,0.694085,0.868161,9.48761,8.01867
37.3527,0.66047,0.961622,8.9582,8.46698
38.0132,0.698452,1.15712,8.41712,8.84449
38.7116,0.652099,1.36258,7.77881,9.12471
39.3637,0.683109,1.52612,7.14177,9.2593
40.0468,2.16888,1.58135,6.45973,9.28979
42.2157,2.23352,1.59359,4.29101,9.26691
44.4492,2.2103,1.58803,2.05808,9.21601
46.6595,2.15411,1.56538,-0.151872,9.17793
48.8136,2.21261,1.54412,-2.30587,9.1896
51.0262,2.19291,1.54297,-4.51768,9.24861
53.2191,2.20126,1.55791,-6.70973,9.30962
55.4204,2.23301,1.58077,-8.91078,9.338
57.6534,0.656653,1.76115,-11.1431,9.31573
58.3101,0.656745,1.98724,-11.7868,9.19171
58.9668,0.686402,2.2188,-12.386,8.92668
59.6532,0.664733,2.32865,-12.9323,8.5131
60.3179,0.698829,2.51221,-13.4149,8.05638
61.0168,0.699275,2.75636,-13.8253,7.49277
61.716,0.673505,2.98894,-14.0874,6.84642
62.3896,0,3.1306,-14.1896,6.1819
